- OS: Windows-11-10.0.22621-SP0 10.0.22621
- Python: 3.12.10
- Stable-Baselines3: 2.8.0
- PyTorch: 2.7.1+cu118
- GPU Enabled: True
- Numpy: 2.4.4
- Cloudpickle: 3.1.2
- Gymnasium: 1.2.3
